2	1	0.6299605234242481
2	2	-0.6299605290438794
3	1	-3.5745695570965785e-8
3	2	-1.0772173838956707
3	3	1.0772173116521842
4	1	1.4368019537199808
4	2	-1.43680203312939
4	3	0.4543792400506893
4	4	-0.4543793326279494
5	1	-0.8221008197013492
5	2	1.7429031560267993
5	3	-6.873159951282616e-8
5	4	0.8221006909137859
5	5	-1.7429032506451796
6	1	1.1361253350423486
6	2	-1.1361253310826303
6	3	-0.3699206198114223
6	4	2.012274660979584
6	5	0.36992062704724027
6	6	-2.012274667428458
7	1	-1.4129173845161151
7	2	2.2545434703243714
7	3	0.6869432559727281
7	4	-2.254543727808799
7	5	-1.4118793694281473e-7
7	6	1.4129171495589914
7	7	-0.6869435300185521
8	1	-1.662061703414787
8	2	2.475820158976098
8	3	-0.9670077097972405
8	4	0.9670075366962733
8	5	-2.4758203358618185
8	6	-0.31802149071891966
8	7	0.3180213209399927
8	8	1.6620615274453843
9	1	1.8896987940966945
9	2	-1.2194741411596226
9	3	-0.5995760642591806
9	4	0.5995760543802319
9	5	-2.680257906641397
9	6	-1.8896988000124155
9	7	1.2194741197255339
9	8	-8.257231566741787e-9
9	9	2.680257902390162
10	1	1.4503813298419985
10	2	2.870824982733922
10	3	0.2821035944881341
10	4	2.1000310775010385
10	5	-2.100031239033247
10	6	-1.4503814949076967
10	7	-0.28210373350858525
10	8	0.8537787582537
10	9	-2.870825151185281
10	10	-0.8537788954917327
11	1	3.0497266893216777
11	2	-3.0497272826595716
11	3	2.2960776499331343
11	4	-1.0865387839666674
11	5	-0.5371728314027044
11	6	0.5371721500072212
11	7	-2.2960782980571324
11	8	-3.3205206578653673e-7
11	9	1.6638849486037652
11	10	1.0865381222305914
11	11	-1.6638856048861566
12	1	-2.4800914766664177
12	2	2.480090833679063
12	3	-1.8629856140397116
12	4	-0.2554079645668667
12	5	0.7709846468277536
12	6	-0.7709853290180101
12	7	-1.3019389477053813
12	8	1.8629849600392019
12	9	-3.218652871904219
12	10	3.218652262055518
12	11	0.255407284687828
12	12	1.3019382906966823
13	1	-2.653800903237047
13	2	2.049926943346392
13	3	1.5029372537875654
13	4	-0.48977509909975164
13	5	0.9875470881786366
13	6	2.6538007199051648
13	7	-0.9875472676611566
13	8	-1.5029374307358605
13	9	-3.3789279457132047
13	10	-2.049927102398188
13	11	-7.184186129092671e-8
13	12	0.4897749288639261
13	13	3.378927768381672
14	1	-1.1897693518601389
14	2	2.818568476318851
14	3	-2.2264415481295514
14	4	-0.707032741066016
14	5	3.5316152983442133
14	6	-1.6917563879158073
14	7	-3.5316157928314036
14	8	1.6917558047677042
14	9	0.23459310776600045
14	10	2.2264409686270277
14	11	-2.818569007177654
14	12	-0.2345936193320281
14	13	1.1897687818354892
14	14	0.7070321748081966
15	1	0.9100405113573478
15	2	-0.9100414037038108
15	3	-4.5568830002516164e-7
15	4	1.3798409402529848
15	5	-1.379841871072533
15	6	-2.975488915967855
15	7	2.975487966807629
15	8	-2.3938943163935766
15	9	2.393893366670968
15	10	-1.8701120300145473
15	11	3.677581801261097
15	12	-3.677582685785661
15	13	0.45223062711077555
15	14	-0.4522315340048258
15	15	1.8701110727367316
16	1	0.21779663516280232
16	2	-0.6557273332292781
16	3	-2.039362063068384
16	4	0.6557264019261521
16	5	-3.1254534362670223
16	6	3.8175444549738526
16	7	2.5533834691955914
16	8	-1.100959137785217
16	9	-3.817545348217688
16	10	-2.553384459178491
16	11	1.1009581447189607
16	12	3.125452494566368
16	13	-1.55946124318777
16	14	1.5594602878895496
16	15	2.0393610759179706
16	16	-0.21779754552997022
17	1	-2.200601868460525
17	2	-0.8472070881226378
17	3	1.2814594485275332
17	4	3.952104306043071
17	5	-5.390934415991531e-7
17	6	2.2006007486220147
17	7	-3.2692030099648206
17	8	-2.7058118005551073
17	9	-1.7299725895058369
17	10	0.8472059155874064
17	11	0.42156616427412136
17	12	-1.2814606179479524
17	13	3.269201908407235
17	14	-3.952105304946879
17	15	1.7299714009190341
17	16	-0.42156725882636836
17	17	2.7058107018047326
18	1	-0.2038871805877189
18	2	0.613403105677046
18	3	2.3547282871759347
18	4	1.8924612070491795
18	5	-2.851922676314775
18	6	3.407357708522524
18	7	-2.354728861152969
18	8	2.851922076794502
18	9	-1.4528746927109242
18	10	-4.081771687514161
18	11	1.028321415598991
18	12	0.20388661072859274
18	13	1.4528741203224802
18	14	4.081771057592792
18	15	-0.6134036787614185
18	16	-3.40735833132252
18	17	-1.0283219884444572
18	18	-1.8924617668373163
19	1	1.2003850081142606
19	2	4.206980230795288
19	3	1.616276791031022
19	4	2.5024891701072005
19	5	-1.6162779159705607
19	6	-5.774587440898858e-7
19	7	-0.39592887170448526
19	8	3.540445910893873
19	9	-1.2003861324682046
19	10	-2.5024903190956156
19	11	2.992344248302053
19	12	0.39592779322418925
19	13	0.7949359869825459
19	14	-4.206981352135428
19	15	-2.9923453912063276
19	16	-0.794937090886879
19	17	-2.0478218458754722
19	18	2.0478207412293856
19	19	-3.5404470116943836
20	1	-0.9674635235937702
20	2	-2.1967945410037952
20	3	4.328109280253701
20	4	-1.3644623888934082
20	5	0.9674624253617411
20	6	2.644512346318808
20	7	2.196793507096309
20	8	3.668918680311958
20	9	1.3644613258040772
20	10	-1.7725536146372343
20	11	1.77255259084022
20	12	-0.5777327883953342
20	13	-3.668919713842661
20	14	3.1276110043182963
20	15	-4.328110358211056
20	16	0.5777316467820702
20	17	-3.127612044304225
20	18	-0.19213121851979714
20	19	-2.6445133837481114
20	20	0.19213003835070674
21	1	1.1320333813322034
21	2	-0.7505803285370058
21	3	-3.793166733754556
21	4	0.7505785480242522
21	5	2.7813310810174006
21	6	4.445485054944413
21	7	0.3740914139917259
21	8	3.258178547638834
21	9	-3.2581802710960837
21	10	-1.1320351528821846
21	11	-0.37409321044026506
21	12	-8.98618161313977e-7
21	13	3.793165111888489
21	14	-1.9224396196016855
21	15	1.9224378833508957
21	16	2.340004441644453
21	17	1.521425214889244
21	18	-4.445486681416252
21	19	-2.7813327973724458
21	20	-2.3400061448340295
21	21	-1.521426961430141
22	1	0.18203088954121888
22	2	1.672008525816897
22	3	-3.913526741504995
22	4	3.913526073855045
22	5	-0.9155099824242805
22	6	0.5471500560375224
22	7	-0.5471509032979505
22	8	-2.0665565165257895
22	9	-4.5593965547524204
22	10	-2.913406146914125
22	11	-2.477988407939468
22	12	-0.18203174387305296
22	13	2.0665556827792075
22	14	-1.6720093843898867
22	15	-3.3844442828520727
22	16	2.477987564231761
22	17	3.384443519806492
22	18	-1.289517411131478
22	19	4.559396088970645
22	20	2.913405312032385
22	21	1.2895165372270398
22	22	0.9155090926191665
23	1	2.205433999762326
23	2	-1.816828517047629
23	3	-4.030299388818397
23	4	-0.7123342430597974
23	5	-3.5067505834487527
23	6	4.670093675463188
23	7	-4.670095692226344
23	8	3.04113009657426
23	9	1.440633785932812
23	10	-1.4406359865516425
23	11	-1.0733811175606967
23	12	0.3552129803898324
23	13	-2.611201077624128
23	14	-3.0411323199396447
23	15	0.7123320519040958
23	16	1.0733789388893251
23	17	4.030297234537768
23	18	2.6111988760512097
23	19	-0.3552151461709112
23	20	-1.0763177795709669e-6
23	21	-2.2054361908717803
23	22	3.5067483745474743
23	23	1.816826289590305
24	1	3.1648527789902525
24	2	-0.8704902491973002
24	3	-0.520566551064402
24	4	2.7400362150904134
24	5	1.5859977750555425
24	6	-1.95640932471986
24	7	1.9564059344917788
24	8	-2.339533199316031
24	9	3.625396446002834
24	10	0.8704868423556673
24	11	-1.5860011776369292
24	12	-3.6253997046825965
24	13	-2.7400395501487456
24	14	0.5205631397304492
24	15	0.17323661880915944
24	16	-1.2249090872810644
24	17	-4.777806661840249
24	18	2.3395298317403155
24	19	-3.164856090943501
24	20	4.777803584176446
24	21	-4.1437454631692425
24	22	4.143742270758735
24	23	-0.17324004815332306
24	24	1.2249056602015933
25	1	-1.0223276619424795
25	2	-3.740657845883561
25	3	1.370696592907937
25	4	-2.0912041555702703
25	5	-0.33869073182658277
25	6	-4.2540974650495995
25	7	1.0223250866220233
25	8	4.882727169286563
25	9	-4.8827294359742135
25	10	2.0912015700624758
25	11	3.7406553984364592
25	12	0.6789219365083334
25	13	-0.6789245079927906
25	14	0.33868814638030814
25	15	-3.284880836559878
25	16	4.254095111477945
25	17	3.284878292344634
25	18	2.4692395248759196
25	19	-1.3706991629813399
25	20	-1.7261343584909927
25	21	-1.32797304100542e-6
25	22	1.7261317758701364
25	23	2.8648468513030965
25	24	-2.4692421239668616
25	25	-2.8648494180464272
26	1	0.4971837658466398
26	2	4.98504303981925
26	3	2.9859343313253324
26	4	-1.5112700776992058
26	5	-4.985044519786336
26	6	3.852761148668753
26	7	2.59490775209975
26	8	-3.4014759887417036
26	9	3.4014744296264308
26	10	-0.8309924761880761
26	11	-0.49718494359172277
26	12	2.221605788512741
26	13	1.1684466079818705
26	14	-2.22160721390786
26	15	1.5112687777531078
26	16	-2.594909229332942
26	17	4.361562640491155
26	18	0.830991292695816
26	19	-1.861486419484384
26	20	-3.8527627384581185
26	21	-2.985935853928112
26	22	0.16549574365855027
26	23	-0.16549687611128236
26	24	-1.1684478518427988
26	25	-4.361564288234409
26	26	1.8614850619557768
27	1	0.6494170672849471
27	2	-3.103569679002713
27	3	4.466329527226751
27	4	-0.9773678317738443
27	5	1.992446125602991
27	6	1.6470664711831624
27	7	3.961923564357778
27	8	2.7168362682079095
27	9	1.3093625154708919
27	10	5.084911166306778
27	11	-2.71684005197897
27	12	-4.466333051233832
27	13	-1.9924499625184342
27	14	-1.309366438956017
27	15	-3.961927114848849
27	16	-1.918242714687067e-6
27	17	-5.084914450965223
27	18	-2.3479641069588872
27	19	0.9773638875953838
27	20	3.514878031086874
27	21	-0.6494209690480045
27	22	-1.647070362876721
27	23	3.103565898475987
27	24	-3.514881750993816
27	25	-0.32407535338126603
27	26	2.3479602989253765
27	27	0.3240714973708311
28	1	-3.6253081640095166
28	2	2.8352973423562684
28	3	1.445519852601424
28	4	-4.06833778455355
28	5	-0.47642196245618523
28	6	-1.7784844084866875
28	7	1.118552832998861
28	8	-2.835300127738174
28	9	0.15861312807572386
28	10	1.7784818026836269
28	11	-1.4455224355001115
28	12	-0.7959842150892753
28	13	-2.119363548561306
28	14	2.119360849779444
28	15	-5.182483077775402
28	16	-3.217986908640235
28	17	-1.1185554367445902
28	18	0.4764193781970833
28	19	-4.568569008433189
28	20	0.7959816477644649
28	21	3.62530543229111
28	22	5.182480560118125
28	23	-0.1586157270111785
28	24	3.2179841644913716
28	25	4.56856644189734
28	26	-2.4705742042231105
28	27	2.4705714391583355
28	28	4.068335067139586
29	1	1.577301318642196
29	2	-3.73294795410452
29	3	4.668422783609378
29	4	-0.9373819659925039
29	5	2.242527935125103
29	6	0.6231213515269796
29	7	-4.172166692085562
29	8	5.277881713368193
29	9	1.254995048424328
29	10	-1.254997214009831
29	11	3.329400675189662
29	12	-0.31103101327258753
29	13	4.172164425016143
29	14	-3.329402912422767
29	15	0.31102893577052726
29	16	0.9373797985101379
29	17	2.589704892367678
29	18	-1.577303489711912
29	19	-5.2778839250114045
29	20	2.950527917515539
29	21	-0.6231234534391004
29	22	-2.5897070663699164
29	23	-1.9058540922247107
29	24	1.9058519402804566
29	25	-1.0145845897406413e-6
29	26	3.7329456968252845
29	27	-2.2425300848713996
29	28	-4.668425103058618
29	29	-2.9505301379502966
30	1	3.062741374707023
30	2	-1.387075939816525
30	3	-4.76603906903455
30	4	4.273565433002461
30	5	2.7055987415613787
30	6	-3.062744961969586
30	7	3.4380070025774354
30	8	-0.76468067152422
30	9	-0.45782757304794397
30	10	2.3622138176175675
30	11	1.3870726112179712
30	12	-2.0294795738631772
30	13	1.7050441890377022
30	14	-2.3622172907327754
30	15	4.766035661283025
30	16	0.7646774466394212
30	17	-1.7050475876345914
30	18	-4.273568965710675
30	19	-2.7056022749916817
30	20	0.45782437909335066
30	21	0.15244524172196486
30	22	-1.074050349533752
30	23	-5.371237924533744
30	24	2.0294761325676935
30	25	-3.43801060315067
30	26	5.371234647714469
30	27	-3.8379742478107683
30	28	3.8379706914571483
30	29	-0.15244841095658376
30	30	1.0740470733530392
31	1	-3.172133785587595
31	2	-0.29930139089579677
31	3	-2.1496237101438744
31	4	2.149620968940977
31	5	-4.8615344299763
31	6	5.462651589547258
31	7	-1.829049891077869
31	8	-1.5151244580971273
31	9	-2.8184704550576902
31	10	0.29929893660537854
31	11	-3.543980212695633
31	12	-1.2241533826445562e-6
31	13	1.8290471765044085
31	14	3.543977668329047
31	15	3.9405378191413205
31	16	3.172131163813818
31	17	2.8184677603994284
31	18	2.478657391031326
31	19	-3.9405403468623725
31	20	-0.5994994861149828
31	21	1.2063639984763126
31	22	-1.2063666397220385
31	23	1.5151217694320493
31	24	-0.901523781900709
31	25	-2.478660130221128
31	26	0.9015212363830168
31	27	4.372679854533932
31	28	-4.37268240200908
31	29	-5.462653811533019
31	30	0.5994969943848896
31	31	4.861531784312784
32	1	-1.9495753177118698
32	2	5.552232060973142
32	3	2.266522607014147
32	4	-4.0407889522775715
32	5	0.14687929027985608
32	6	1.3346632846594373
32	7	-3.27887119154177
32	8	1.9495738829042841
32	9	0.7364753882071671
32	10	2.9285030845911297
32	11	-0.44105288783265123
32	12	-4.4696356390045375
32	13	0.441051737319477
32	14	1.0340291310826473
32	15	3.2788697295555704
32	16	-1.3346645594096995
32	17	-5.552233274514137
32	18	3.6474681806488802
32	19	-3.647469681767122
32	20	-0.7364765695260687
32	21	1.6394379902456864
32	22	-2.928504569908759
32	23	-4.955026270405624
32	24	-0.14688043749762164
32	25	2.592070931654947
32	26	4.469634224635372
32	27	-2.2665240699496287
32	28	-1.6394393571159267
32	29	-1.0340303528485382
32	30	4.040787502672686
32	31	4.955024857670635
32	32	-2.592072404303043
33	1	-0.8691335878704671
33	2	-3.748622105673161
33	3	1.1625291231997057
33	4	3.0358760457735787
33	5	4.138847073391089
33	6	5.640067163810977
33	7	-1.7602838374086633
33	8	-4.138849853372212
33	9	-0.28868197668971507
33	10	-2.7026464488052473
33	11	0.2886796558627954
33	12	4.56454337190136
33	13	3.383112230256833
33	14	0.8691311106818279
33	15	5.046617394688728
33	16	-4.5645460364047326
33	17	-1.1625315985683213
33	18	0.5781271649507388
33	19	-2.0668600978283616
33	20	2.7026437540204653
33	21	-5.6400694658830846
33	22	2.380390806260047
33	23	-1.459238642784232
33	24	-2.3803935134108554
33	25	2.0668574532683546
33	26	-3.0358787553190876
33	27	3.748619363141524
33	28	-3.3831149543007557
33	29	1.4592361204965771
33	30	-5.046619927560269
33	31	-1.1650422269827492e-6
33	32	-0.5781295694599395
33	33	1.7602812751367176
34	1	-0.141824251572187
34	2	5.726244537824777
34	3	4.234836651053698
34	4	4.657516295296929
34	5	-1.5803469430132908
34	6	0.141822892056226
34	7	-5.136409858378647
34	8	-0.997795832634462
34	9	-0.4258256161771025
34	10	3.14074546063356
34	11	-5.726246128515529
34	12	2.181110914713887
34	13	-1.8778893095490024
34	14	-4.657518034713599
34	15	3.4850033042520328
34	16	-3.8475645940906187
34	17	-2.491419877412555
34	18	3.8475628765580696
34	19	-3.1407470902573844
34	20	-4.234838385201691
34	21	0.4258243058235752
34	22	-0.7108998032251543
34	23	5.136408114810449
34	24	-1.2873165980503078
34	25	-3.4850049692564693
34	26	-2.181112437395725
34	27	1.87788781547645
34	28	2.810550635186448
34	29	-2.8105522120174053
34	30	0.9977944187873503
34	31	1.5803454924773503
34	32	1.287315206714533
34	33	0.7108984398478827
34	34	2.491418300124408
35	1	-1.1227557572764901
35	2	-0.8396919475032196
35	3	0.2790078956225993
35	4	4.7486488973078
35	5	-1.6982248654709657
35	6	2.2925209834904363
35	7	1.9924643862441436
35	8	-3.5846743325027925
35	9	0.558678469527177
35	10	5.810841051697222
35	11	-5.224487068708843
35	12	-5.810844671113086
35	13	4.328861637550401
35	14	1.4086432530800477
35	15	5.224483412271787
35	16	-1.4086471533948408
35	17	-1.8702408378482918e-6
35	18	-0.27901163602100637
35	19	-1.9924683800398868
35	20	-0.558682221706249
35	21	-3.9444187615176265
35	22	1.1227519289041656
35	23	3.944414710114198
35	24	0.8396881449567274
35	25	2.5997742832994017
35	26	2.915945195589601
35	27	-2.9159493200061326
35	28	-4.328865589294495
35	29	3.243251122486666
35	30	-3.2432552512468393
35	31	1.698220952601701
35	32	3.5846702284131844
35	33	-4.748652709951725
35	34	-2.599778368475344
35	35	-2.2925250065475185
36	1	3.682232269801885
36	2	2.1042000573078754
36	3	0.6875655382079086
36	4	-1.8130797141712667
36	5	4.039283749477775
36	6	4.83803144370088
36	7	-4.83803917017162
36	8	4.421021383370421
36	9	-0.6875740353522959
36	10	2.7056152156407576
36	11	-4.421029248563569
36	12	5.310924916971903
36	13	3.0189702785723376
36	14	-5.31093256640637
36	15	1.8130713325765067
36	16	1.5267446524708255
36	17	-2.104208412479832
36	18	3.3435234680734407
36	19	-4.039291746589202
36	20	-0.13720996599748322
36	21	2.4012594849820563
36	22	-2.4012678047595766
36	23	-0.9647925045276607
36	24	-3.682240362733078
36	25	1.244261065162567
36	26	-2.7056234952410185
36	27	0.41191956966455645
36	28	-5.893937159486539
36	29	0.9647840680072424
36	30	-1.2442694583870961
36	31	0.13720142865517806
36	32	-3.0189785270321625
36	33	-0.41192814069918254
36	34	5.893929536081617
36	35	-3.3435316467093514
36	36	-1.5267530420303512